# Harmonic constituents: doodson numbers, phase, no of satellites
# for each sattelite, changes in: three last doodson numbers, phase, ampl ratio.
# Copied from Foreman (2004, Appendix 7.1) and supplemented with hatyan data
# replaced '-0.' with ' -0.', replaced 'Z0' with 'A0' and replaced 'LABDA2' with 'LABDA2'
#.7428797055 .7771900329 .5187051308 .3631582592 .7847990160 000GMT 1/1/76
#13.3594019864 .9993368945 .1129517942 .0536893056 .0000477414 INCR./365DAYS
A0 0 0 0 0 0 0 0.0 0
SA 0 0 1 0 0 -1 0.0 0
SSA 0 0 2 0 0 0 0.0 0
MSM 0 1 -2 1 0 0 .00 0
MM 0 1 0 -1 0 0 0.0 0
MSF 0 2 -2 0 0 0 0.0 0
MF 0 2 0 0 0 0 0.0 0
ALP1 1 -4 2 1 0 0 -.25 2
ALP1 -1 0 0 .75 0.0360R1 0 -1 0 .00 0.1906
2Q1 1 -3 0 2 0 0 -0.25 5
2Q1 -2 -2 0 .50 0.0063 -1 -1 0 .75 0.0241R1 -1 0 0 .75 0.0607R1
2Q1 0 -2 0 .50 0.0063 0 -1 0 .0 0.1885
SIG1 1 -3 2 0 0 0 -0.25 4
SIG1 -1 0 0 .75 0.0095R1 0 -2 0 .50 0.0061 0 -1 0 .0 0.1884
SIG1 2 0 0 .50 0.0087
Q1 1 -2 0 1 0 0 -0.25 10
Q1 -2 -3 0 .50 0.0007 -2 -2 0 .50 0.0039 -1 -2 0 .75 0.0010R1
Q1 -1 -1 0 .75 0.0115R1 -1 0 0 .75 0.0292R1 0 -2 0 .50 0.0057
Q1 -1 0 1 .0 0.0008 0 -1 0 .0 0.1884 1 0 0 .75 0.0018R1
Q1 2 0 0 .50 0.0028
RHO1 1 -2 2 -1 0 0 -0.25 5
RHO1 0 -2 0 .50 0.0058 0 -1 0 .0 0.1882 1 0 0 .75 0.0131R1
RHO1 2 0 0 .50 0.0576 2 1 0 .0 0.0175
O1 1 -1 0 0 0 0 -0.25 8
O1 -1 0 0 .25 0.0003R1 0 -2 0 .50 0.0058 0 -1 0 .0 0.1885
O1 1 -1 0 .25 0.0004R1 1 0 0 .75 0.0029R1 1 1 0 .25 0.0004R1
O1 2 0 0 .50 0.0064 2 1 0 .50 0.0010
TAU1 1 -1 2 0 0 0 -0.75 5
TAU1 -2 0 0 .0 0.0446 -1 0 0 .25 0.0426R1 0 -1 0 .50 0.0284
TAU1 0 1 0 .50 0.2170 0 2 0 .50 0.0142
BET1 1 0 -2 1 0 0 -.75 1
BET1 0 -1 0 .00 0.2266
NO1 1 0 0 1 0 0 -0.75 9
NO1 -2 -2 0 .50 0.0057 -2 -1 0 .0 0.0665 -2 0 0 .0 0.3596
NO1 -1 -1 0 .75 0.0331R1 -1 0 0 .25 0.2227R1 -1 1 0 .75 0.0290R1
NO1 0 -1 0 .50 0.0290 0 1 0 .0 0.2004 0 2 0 .50 0.0054
CHI1 1 0 2 -1 0 0 -0.75 2
CHI1 0 -1 0 .50 0.0282 0 1 0 .0 0.2187
PI1 1 1 -3 0 0 1 -0.25 1
PI1 0 -1 0 .50 0.0078
P1 1 1 -2 0 0 0 -0.25 6
P1 0 -2 0 .0 0.0008 0 -1 0 .50 0.0112 0 0 2 .50 0.0004
P1 1 0 0 .75 0.0004R1 2 0 0 .50 0.0015 2 1 0 .50 0.0003
S1 1 1 -1 0 0 1 -0.75 2
S1 0 0 -2 .0 0.3534 0 1 0 .50 0.0264
K1 1 1 0 0 0 0 -0.75 10
K1 -2 -1 0 .0 0.0002 -1 -1 0 .75 0.0001R1 -1 0 0 .25 0.0007R1
K1 -1 1 0 .75 0.0001R1 0 -2 0 .0 0.0001 0 -1 0 .50 0.0198
K1 0 1 0 .0 0.1356 0 2 0 .50 0.0029 1 0 0 .25 0.0002R1
K1 1 1 0 .25 0.0001R1
PSI1 1 1 1 0 0 -1 -0.75 1
PSI1 0 1 0 .0 0.0190
PHI1 1 1 2 0 0 0 -0.75 5
PHI1 -2 0 0 .0 0.0344 -2 1 0 .0 0.0106 0 0 -2 .0 0.0132
PHI1 0 1 0 .50 0.0384 0 2 0 .50 0.0185
THE1 1 2 -2 1 0 0 -.75 4
THE1 -2 -1 0 .00 .0300 -1 0 0 .25 0.0141R1 0 -1 0 .50 .0317
THE1 0 1 0 .00 .1993
J1 1 2 0 -1 0 0 -0.75 10
J1 0 -1 0 .50 0.0294 0 1 0 .0 0.1980 0 2 0 .50 0.0047
J1 1 -1 0 .75 0.0027R1 1 0 0 .25 0.0816R1 1 1 0 .25 0.0331R1
J1 1 2 0 .25 0.0027R1 2 0 0 .50 0.0152 2 1 0 .50 0.0098
J1 2 2 0 .50 0.0057
OO1 1 3 0 0 0 0 -0.75 8
OO1 -2 -1 0 .50 0.0037 -2 0 0 .0 0.1496 -2 1 0 .0 0.0296
OO1 -1 0 0 .25 0.0240R1 -1 1 0 .25 0.0099R1 0 1 0 .0 0.6398
OO1 0 2 0 .0 0.1342 0 3 0 .0 0.0086
UPS1 1 4 0 -1 0 0 -.75 5
UPS1 -2 0 0 .00 0.0611 0 1 0 .00 0.6399 0 2 0 .00 0.1318
UPS1 1 0 0 .25 0.0289R1 1 1 0 .25 0.0257R1
OQ2 2 -3 0 3 0 0 0.0 2
OQ2 -1 0 0 .25 0.1042R2 0 -1 0 .50 0.0386
EPS2 2 -3 2 1 0 0 0.0 3
EPS2 -1 -1 0 .25 0.0075R2 -1 0 0 .25 0.0402R2 0 -1 0 .50 0.0373
2N2 2 -2 0 2 0 0 0.0 4
2N2 -2 -2 0 .50 0.0061 -1 -1 0 .25 0.0117R2 -1 0 0 .25 0.0678R2
2N2 0 -1 0 .50 0.0374
MU2 2 -2 2 0 0 0 0.0 3
MU2 -1 -1 0 .25 0.0018R2 -1 0 0 .25 0.0104R2 0 -1 0 .50 0.0375
N2 2 -1 0 1 0 0 0.0 4
N2 -2 -2 0 .50 0.0039 -1 0 1 .00 0.0008 0 -2 0 .00 0.0005
N2 0 -1 0 .50 0.0373
NU2 2 -1 2 -1 0 0 0.0 4
NU2 0 -1 0 .50 0.0373 1 0 0 .75 0.0042R2 2 0 0 .0 0.0042
NU2 2 1 0 .50 0.0036
GAM2 2 0 -2 2 0 0 -.50 3
GAM2 -2 -2 0 .00 0.1429 -1 0 0 .25 0.0293R2 0 -1 0 .50 0.0330
H1 2 0 -1 0 0 1 -0.50 2
H1 0 -1 0 .50 0.0224 1 0 -1 .50 0.0447
M2 2 0 0 0 0 0 0.0 9
M2 -1 -1 0 .75 0.0001R2 -1 0 0 .75 0.0004R2 0 -2 0 .0 0.0005
M2 0 -1 0 .50 0.0373 1 -1 0 .25 0.0001R2 1 0 0 .75 0.0009R2
M2 1 1 0 .75 0.0002R2 2 0 0 .0 0.0006 2 1 0 .0 0.0002
H2 2 0 1 0 0 -1 0.0 1
H2 0 -1 0 .50 0.0217
LABDA2 2 1 -2 1 0 0 -0.50 1
LABDA2 0 -1 0 .50 0.0448
L2 2 1 0 -1 0 0 -0.50 5
L2 0 -1 0 .50 0.0366 2 -1 0 .00 0.0047 2 0 0 .50 0.2505
L2 2 1 0 .50 0.1102 2 2 0 .50 0.0156
T2 2 2 -3 0 0 1 0.0 0
S2 2 2 -2 0 0 0 0.0 3
S2 0 -1 0 .0 0.0022 1 0 0 .75 0.0001R2 2 0 0 .0 0.0001
R2 2 2 -1 0 0 -1 -0.50 2
R2 0 0 2 .50 0.2535 0 1 2 .0 0.0141
K2 2 2 0 0 0 0 0.0 5
K2 -1 0 0 .75 0.0024R2 -1 1 0 .75 0.0004R2 0 -1 0 .50 0.0128
K2 0 1 0 .0 0.2980 0 2 0 .0 0.0324
ETA2 2 3 0 -1 0 0 0.0 7
ETA2 0 -1 0 .50 0.0187 0 1 0 .0 0.4355 0 2 0 .0 0.0467
ETA2 1 0 0 .75 0.0747R2 1 1 0 .75 0.0482R2 1 2 0 .75 0.0093R2
ETA2 2 0 0 .50 0.0078
M3 3 0 0 0 0 0 -.50 1
M3 0 -1 0 .50 .0564
########## ADDED FROM R-TABLE #########
M1C 1 0 0 0 0 0 0.0 0
